5 50 249
0 2 84
63 64 70 72 86 88 60 75 84 69 60 68 60 82 63 60 72 83 67 82 74 77 61 74 60 71 79 61 63 83 75 66 79 86 78 77 85 70 84 80 79 85 80 72 70 83 72 82 77 79 
1 68 22
80 77 72 84 74 79 77 58 63 81 77 69 61 64 83 79 64 80 82 84 71 68 78 76 79 69 73 62 81 66 83 59 58 81 69 58 58 60 70 76 67 61 59 71 68 69 76 58 75 72 
2 27 15
82 99 86 83 85 110 87 106 78 108 107 106 88 91 79 75 97 83 82 110 106 99 91 98 96 107 105 99 95 97 110 102 99 99 110 109 97 86 104 100 97 77 110 89 94 77 89 79 100 111 
3 1 90
158 124 136 178 157 164 158 141 139 144 178 163 166 134 185 182 165 164 159 155 164 167 135 170 146 173 148 166 170 177 165 140 175 177 133 147 156 167 164 171 126 154 146 166 165 144 160 142 182 131 
4 68 61
89 119 84 107 83 116 97 116 103 81 106 101 118 87 115 112 89 116 96 88 111 110 101 115 90 119 109 109 99 81 82 107 119 86 85 113 113 101 108 88 102 85 108 99 91 102 82 92 89 89 

