5 50 245
0 2 84
75 74 76 74 78 73 76 79 79 69 75 78 77 69 78 80 80 76 67 73 78 76 77 79 75 71 77 75 76 67 79 70 72 75 77 70 67 70 80 79 72 75 74 67 75 71 80 74 80 80 
1 68 22
73 70 65 77 67 72 70 65 70 74 70 76 68 71 76 72 71 73 75 77 78 75 71 69 72 76 66 69 74 73 76 66 65 74 76 65 65 67 77 69 74 68 66 78 75 76 69 65 68 65 
2 27 15
98 94 96 91 92 93 84 94 84 95 86 91 98 90 100 91 88 98 100 84 87 91 90 88 95 96 89 94 94 100 91 90 90 101 97 98 92 98 91 92 89 91 98 84 98 96 91 84 90 87 
3 1 90
143 140 152 163 142 149 143 157 155 160 163 148 151 150 170 167 150 149 144 140 149 152 151 155 162 158 164 151 155 162 150 156 160 162 149 163 141 152 149 156 142 170 162 151 150 160 145 158 167 147 
4 68 61
99 109 94 97 93 106 107 106 93 91 96 91 108 97 105 102 99 106 106 98 101 100 91 105 100 109 99 99 109 91 92 97 109 96 95 103 103 91 98 98 92 95 98 109 101 92 92 102 99 99 

