5 50 493
0 1 10
177 185 176 174 186 194 198 205 183 186 183 176 200 199 196 206 206 182 175 171 173 203 188 194 173 180 197 196 201 201 196 171 195 180 190 174 204 197 187 195 176 200 201 170 192 205 184 191 196 204 
1 7 1
167 154 167 155 154 171 171 172 157 159 169 170 152 169 182 172 164 155 177 180 173 181 164 177 166 158 163 155 167 174 159 182 176 176 152 180 162 173 167 169 181 151 154 150 169 153 172 150 156 164 
2 9 8
9 9 9 9 9 9 9 9 9 9 9 9 9 9 9 9 9 9 9 9 9 9 9 9 9 9 9 9 9 9 9 9 9 9 9 9 9 9 9 9 9 9 9 9 9 9 9 9 9 9 
3 10 7
120 123 117 118 115 119 112 112 131 124 119 128 131 113 112 109 121 114 117 132 112 126 120 129 112 127 118 124 110 113 125 113 127 125 114 125 112 118 128 110 109 130 129 124 127 125 124 115 130 132 
4 2 1
60 68 64 60 62 59 62 62 66 62 63 59 60 61 65 70 61 59 69 59 70 63 64 71 67 60 61 60 60 69 71 63 67 63 67 70 65 70 61 60 62 67 60 63 69 68 61 60 70 61 

