5 50 389
0 47 86
161 155 180 176 159 156 174 162 183 173 168 153 152 167 162 165 179 165 170 183 164 168 181 181 154 180 177 168 180 177 184 154 180 180 178 153 182 165 163 180 153 180 180 152 162 157 165 154 168 183 
1 38 49
104 99 97 103 100 99 96 89 99 106 100 88 91 89 94 101 105 106 106 89 90 106 101 88 96 89 90 93 94 91 100 91 102 91 104 95 99 93 97 91 92 106 92 92 88 95 106 105 94 105 
2 94 48
19 19 21 22 21 22 22 19 20 22 22 21 19 20 19 19 22 21 21 21 21 22 19 19 22 21 21 20 22 20 21 22 20 19 21 22 22 20 22 20 20 21 22 20 19 19 21 22 21 19 
3 71 49
10 10 11 10 10 10 11 10 11 11 11 11 11 11 11 11 10 10 10 11 11 11 11 11 11 10 11 11 10 11 11 11 10 10 11 10 10 11 10 11 10 10 11 11 11 10 10 11 10 10 
4 87 56
135 127 132 140 131 143 131 141 132 131 130 145 130 128 144 144 146 133 147 143 134 128 135 142 138 141 142 129 136 149 124 148 126 134 138 135 143 136 126 125 133 149 147 140 127 130 123 139 140 147 

