5 50 266
0 1 10
229 151 164 94 99 247 113 212 185 95 167 243 203 124 111 237 272 152 106 115 201 193 137 188 232 174 213 247 100 240 140 235 230 142 167 235 107 119 97 130 120 170 279 230 200 228 117 190 219 249 
1 7 1
224 136 211 228 107 241 132 216 123 133 168 185 177 91 114 234 87 124 232 165 191 244 176 209 152 178 130 107 142 227 200 203 200 162 102 224 240 151 111 114 122 116 136 216 211 167 201 215 128 104 
2 9 8
8 11 9 11 10 6 8 8 6 11 13 7 5 12 13 9 11 7 7 7 9 8 9 13 10 6 10 9 13 5 6 8 11 10 5 5 10 8 9 9 12 6 11 13 13 9 6 9 9 8 
3 10 7
125 129 162 174 67 80 106 100 162 61 67 158 98 146 106 81 105 79 171 115 89 163 157 172 89 109 116 68 157 98 173 131 166 63 154 82 83 79 121 63 79 158 160 148 154 116 168 77 134 157 
4 2 1
34 55 64 60 88 33 36 88 79 62 89 33 47 35 91 57 35 59 56 59 44 37 38 84 67 34 35 34 60 56 71 63 80 37 93 70 39 96 61 86 62 54 86 76 56 81 35 60 44 61 

