5 50 346
0 2 4
72 71 73 71 75 77 73 76 76 73 72 75 74 73 75 77 77 73 71 77 75 73 74 76 72 75 74 72 73 71 76 74 76 72 74 74 71 74 77 76 76 72 71 71 72 75 77 71 77 77 
1 8 2
70 74 69 74 71 69 74 69 74 71 74 73 72 75 73 69 75 70 72 74 75 72 75 73 69 73 70 73 71 70 73 70 69 71 73 69 69 71 74 73 71 72 70 75 72 73 73 69 72 69 
2 7 5
94 90 92 96 97 89 89 90 89 91 91 96 94 95 96 96 93 94 96 89 92 96 95 93 91 92 94 90 90 96 96 95 95 97 93 94 97 94 96 97 94 96 94 89 94 92 96 89 95 92 
3 1 10
162 157 156 160 162 154 149 149 162 161 159 162 151 155 152 154 148 156 153 162 149 151 159 159 150 153 150 148 156 151 155 162 152 148 160 152 155 161 153 154 160 156 160 155 149 157 153 156 157 150 
4 8 1
104 104 99 102 98 101 102 101 98 96 101 96 103 102 100 97 104 101 101 103 96 105 96 100 105 104 104 104 104 96 97 102 104 101 100 98 98 96 103 103 97 100 103 104 96 97 97 97 104 104 

