5 50 287
0 84 87
126 265 222 102 221 188 261 220 117 232 246 214 246 161 128 252 213 187 175 134 263 199 163 166 255 177 144 184 239 191 212 103 194 168 117 153 90 116 107 122 259 91 252 244 163 118 230 115 216 144 
1 81 57
54 90 66 47 82 59 108 72 47 57 97 53 54 107 40 96 99 54 76 56 46 66 90 99 64 38 37 64 109 61 70 54 41 99 64 87 105 46 106 42 51 94 43 68 75 103 54 65 104 78 
2 98 3
77 120 97 75 160 166 78 164 82 132 82 162 119 104 63 128 151 161 133 113 117 98 129 163 116 146 136 153 142 172 97 150 116 124 166 89 115 68 77 138 142 90 125 74 124 118 132 88 92 90 
3 56 80
96 96 77 106 69 64 110 56 104 118 103 44 83 103 79 57 119 116 84 75 89 80 47 107 118 85 86 103 121 129 63 85 70 72 59 95 92 101 108 128 87 79 105 102 114 52 116 78 100 44 
4 70 18
86 97 116 65 88 94 127 159 142 87 65 61 160 106 75 80 160 92 148 156 62 122 126 169 127 76 107 118 143 72 100 171 99 157 60 128 75 117 101 147 145 107 139 129 143 155 139 127 60 101 

