5 50 350
0 2 4
71 100 48 40 58 65 108 97 37 55 47 94 73 103 56 48 90 104 53 79 68 62 103 69 71 75 69 83 106 91 109 66 58 47 69 80 75 44 44 75 62 55 110 77 99 55 88 78 48 104 
1 8 2
90 59 38 66 88 37 63 48 45 107 51 47 55 66 101 69 90 94 84 102 97 106 88 74 105 47 71 52 103 76 45 101 100 63 75 96 80 102 52 106 45 67 45 65 98 55 42 96 57 90 
2 7 5
115 99 95 51 91 77 74 123 98 70 67 99 112 101 117 111 72 112 87 71 131 123 116 48 58 131 49 75 120 126 117 95 83 70 99 127 100 127 111 58 55 129 109 119 91 86 90 116 56 128 
3 1 10
112 202 121 225 142 149 174 219 217 191 194 117 151 150 232 229 88 211 113 202 149 121 89 124 100 158 195 213 186 131 150 187 222 193 180 132 110 121 118 94 80 201 100 120 119 222 83 96 167 85 
4 8 1
95 111 137 132 57 108 109 125 81 81 108 127 132 107 52 139 62 83 68 115 107 118 80 52 113 136 116 113 99 62 128 143 122 114 89 94 137 147 67 134 77 90 109 57 146 110 111 124 108 94 

