5 50 214
0 7 6
138 180 168 192 152 198 149 200 147 157 182 176 143 192 192 194 163 173 171 148 162 135 165 167 141 179 139 197 140 154 190 160 199 157 150 167 170 181 165 182 136 146 174 162 136 164 154 181 152 190 
1 8 9
94 89 106 112 109 89 105 79 89 115 109 78 100 79 84 110 95 115 96 79 80 115 91 78 105 98 80 83 84 100 90 100 111 81 113 104 108 102 106 81 101 115 82 101 78 104 96 95 103 114 
2 4 8
21 17 19 24 19 24 24 21 22 20 20 23 17 22 17 21 20 19 23 23 23 20 17 17 20 23 19 22 24 22 19 20 22 21 19 24 20 18 20 18 22 23 24 22 21 17 19 24 19 17 
3 1 9
11 9 12 9 11 9 12 9 12 12 10 12 10 10 12 12 9 9 9 12 12 10 12 12 12 11 10 12 9 10 12 12 11 11 12 9 11 12 9 10 11 11 10 12 12 9 11 12 9 11 
4 7 6
148 140 118 153 117 156 117 127 145 144 143 131 116 141 157 157 132 119 133 156 120 114 121 128 151 154 128 115 149 135 137 134 112 147 124 121 156 149 139 138 146 135 160 153 113 116 109 152 126 133 

