5 50 285
0 84 87
169 184 172 172 183 180 171 174 183 172 171 181 174 180 182 175 183 170 177 171 174 183 174 177 173 183 180 169 184 179 169 175 185 172 179 173 183 172 178 171 175 171 175 172 182 179 178 171 180 178 
1 81 57
74 74 71 73 72 76 74 75 73 75 75 74 73 70 75 73 72 73 73 72 74 70 72 70 70 73 75 70 74 74 70 72 71 71 75 74 75 70 70 71 74 76 74 70 74 70 73 70 71 75 
2 98 3
120 117 113 122 119 120 112 118 122 120 121 116 114 116 115 122 115 117 114 122 120 122 117 112 117 122 118 122 115 112 119 122 117 118 121 122 116 121 117 115 119 114 120 119 116 121 116 117 113 119 
3 56 80
88 88 85 90 85 88 86 88 88 86 87 84 91 87 87 89 87 84 84 91 89 88 87 91 86 85 86 87 89 89 87 85 86 88 91 87 84 85 84 88 87 87 89 86 90 84 84 86 84 84 
4 70 18
112 120 122 119 119 113 119 114 121 114 118 114 116 113 117 119 120 122 116 120 115 118 114 113 122 115 112 122 112 113 113 113 119 112 120 115 113 114 116 120 116 122 121 120 121 115 114 118 112 117 

