5 50 284
0 4 7
165 168 170 191 162 189 191 162 172 180 164 173 181 170 161 162 176 191 188 172 169 162 165 172 173 182 165 179 167 177 193 184 162 168 181 176 162 189 178 186 174 194 177 173 169 190 175 163 186 181 
1 1 7
70 70 74 69 75 79 70 71 76 71 78 77 69 73 78 69 68 69 76 75 70 66 75 66 73 76 78 66 70 70 73 75 74 67 78 70 78 66 73 74 70 72 70 73 77 66 76 66 67 71 
2 8 3
113 113 115 108 118 119 125 126 114 113 113 121 128 125 123 121 127 106 116 111 117 128 123 120 108 112 107 108 106 118 127 108 125 107 110 108 121 106 128 106 114 107 122 107 120 110 116 112 127 127 
3 6 10
96 91 86 92 96 80 87 80 94 91 82 82 95 92 94 90 81 84 96 89 89 94 90 91 95 84 90 93 85 92 85 84 95 82 96 94 82 94 95 87 88 80 81 94 83 95 88 93 90 95 
4 10 8
119 125 123 124 114 107 117 106 111 127 117 125 120 119 113 121 123 111 118 119 122 117 111 121 117 114 112 120 123 119 122 114 109 116 109 117 117 114 112 116 112 123 107 126 107 114 112 124 113 119 

