5 50 491
0 1 10
135 245 258 1 5 153 19 118 91 189 261 149 297 30 205 143 178 58 12 209 107 287 231 282 326 80 119 341 194 334 234 329 324 236 73 329 13 213 191 224 26 76 373 324 106 322 211 284 125 343 
1 7 1
141 219 128 145 190 158 215 133 40 216 85 268 94 174 197 151 170 41 149 82 274 161 93 292 69 261 213 24 59 310 283 120 117 79 185 307 157 68 28 197 205 33 53 299 128 250 118 298 211 187 
2 9 8
3 6 4 15 5 10 12 3 1 15 8 11 1 16 8 13 6 2 2 2 13 3 4 8 5 10 5 4 8 9 1 12 15 5 9 1 14 3 4 13 16 10 6 17 8 13 10 13 13 12 
3 10 7
185 68 222 113 6 140 45 39 222 121 6 97 158 206 45 20 44 139 110 175 149 223 217 232 149 48 55 7 217 158 112 70 226 2 93 142 143 139 181 123 18 97 220 87 214 176 107 16 73 217 
4 2 1
1 87 96 27 120 1 3 120 46 29 121 65 79 67 58 24 67 91 88 26 11 69 70 51 34 1 2 66 92 23 103 95 112 69 125 102 71 128 93 118 29 86 53 108 23 113 2 92 76 93 

