5 50 346
0 2 4
34 63 85 77 95 28 145 60 74 18 84 131 110 66 93 85 53 141 16 116 31 25 66 106 34 112 32 46 69 128 72 103 95 10 32 43 38 81 7 112 99 92 147 114 62 92 51 115 85 67 
1 8 2
126 23 74 30 124 73 27 84 9 71 15 83 91 102 65 105 126 130 48 66 61 70 124 38 69 11 35 16 139 40 81 137 64 27 39 60 116 66 16 142 9 31 81 101 134 19 78 132 21 126 
2 7 5
68 52 48 97 44 123 120 76 144 23 20 145 158 54 70 157 118 158 40 24 177 169 162 94 11 84 95 28 166 172 163 48 36 23 145 80 146 80 157 104 101 175 62 72 44 132 43 162 102 81 
3 1 10
34 124 198 302 219 226 96 141 139 268 116 39 228 72 309 306 165 288 35 279 226 43 11 46 22 235 272 290 108 53 227 264 299 115 257 209 32 43 40 171 2 278 22 42 41 144 160 18 244 7 
4 8 1
44 60 187 182 6 57 58 175 30 30 57 76 81 56 102 189 112 133 17 165 56 67 130 102 163 186 166 62 48 112 77 92 172 63 38 144 86 96 117 83 127 140 159 6 196 59 161 73 158 144 

