5 50 273
0 1 10
196 188 191 179 194 192 182 189 188 188 196 196 188 181 188 182 193 187 193 196 196 180 180 187 181 179 194 182 185 195 191 184 185 183 182 182 196 184 190 185 193 189 184 185 191 191 186 187 180 180 
1 7 1
163 169 170 171 160 168 173 167 170 158 163 158 160 172 171 173 172 171 167 160 168 171 163 170 159 159 159 166 165 160 165 170 171 161 167 173 171 166 166 167 167 171 167 169 170 164 168 168 161 161 
2 9 8
9 9 9 9 9 9 9 9 9 9 9 9 9 9 9 9 9 9 9 9 9 9 9 9 9 9 9 9 9 9 9 9 9 9 9 9 9 9 9 9 9 9 9 9 9 9 9 9 9 9 
3 10 7
126 117 123 124 121 125 118 118 125 118 125 122 125 119 118 115 115 120 123 126 118 120 126 123 118 121 124 118 116 119 119 119 121 119 120 119 118 124 122 116 115 124 123 118 121 119 118 121 124 126 
4 2 1
65 63 64 63 64 66 63 62 62 67 67 67 67 65 64 62 65 63 62 62 63 63 62 67 66 67 62 64 64 67 67 65 66 63 65 62 65 66 63 66 63 66 65 62 63 65 62 64 64 67 

