5 50 514
0 4 7
147 185 187 208 144 171 173 144 189 162 181 155 198 152 178 144 158 173 170 189 151 144 182 154 155 199 147 161 184 194 210 201 179 185 198 193 144 171 195 203 191 176 159 190 186 207 192 145 168 163 
1 1 7
81 59 79 60 61 77 77 73 63 73 86 59 70 65 66 59 82 61 68 73 69 85 85 74 60 76 85 69 60 80 80 83 80 71 84 83 81 65 60 85 72 59 78 83 86 77 83 81 71 85 
2 8 3
124 124 126 119 106 130 113 137 125 124 101 132 139 113 111 109 115 117 127 99 105 139 134 131 119 100 95 96 117 129 138 96 113 118 121 119 109 94 116 94 125 118 133 118 131 98 127 100 115 115 
3 6 10
80 99 77 81 99 91 90 80 75 95 88 72 99 92 88 86 95 92 73 82 78 84 101 73 90 72 99 101 85 103 86 94 74 104 104 102 89 100 77 105 89 94 84 94 92 101 75 94 99 89 
4 10 8
130 136 111 112 125 118 105 94 99 138 128 113 131 130 124 109 134 122 106 107 133 105 122 132 105 102 100 131 111 130 110 102 120 127 120 105 105 125 100 104 123 134 118 114 118 102 123 112 124 130 

