5 50 388
0 7 6
168 161 172 168 160 161 160 170 164 161 171 170 169 168 175 161 167 163 166 174 170 161 167 173 169 164 174 174 174 160 166 166 161 163 174 162 164 174 172 168 175 168 163 169 160 162 170 167 165 160 
1 8 9
99 101 95 100 94 94 94 101 97 93 97 98 94 101 98 98 98 101 94 99 99 97 95 96 95 101 101 93 96 98 93 93 97 96 99 98 95 100 98 99 100 100 96 99 99 99 96 95 98 97 
2 4 8
20 20 20 21 20 21 21 20 21 21 21 20 20 21 20 20 21 20 20 20 20 21 20 20 21 20 20 21 21 21 20 21 21 20 20 21 21 21 21 21 21 20 21 21 20 20 20 21 20 20 
3 1 9
11 11 11 11 11 11 11 11 11 11 11 11 11 11 11 11 11 11 11 11 11 11 11 11 11 11 11 11 11 11 11 11 11 11 11 11 11 11 11 11 11 11 11 11 11 11 11 11 11 11 
4 7 6
135 131 135 135 139 138 140 136 134 141 136 132 137 138 133 142 132 136 140 137 137 138 130 137 135 139 132 140 131 133 130 136 134 136 141 131 133 141 137 137 141 132 139 135 140 131 136 131 137 133 

