5 50 386
0 1 10
201 187 199 190 178 221 178 218 205 175 219 213 175 180 199 193 156 153 198 195 216 218 167 186 156 172 214 214 187 158 178 162 172 203 178 199 198 183 168 154 207 161 216 157 190 166 176 195 221 200 
1 7 1
150 170 183 138 137 187 154 188 173 175 152 153 135 185 198 188 147 138 160 163 189 164 180 193 182 174 146 171 150 157 142 165 192 192 168 196 178 189 183 152 164 134 170 166 185 169 155 133 172 180 
2 9 8
8 8 9 8 10 9 8 8 9 8 10 10 8 9 10 9 8 10 10 10 9 8 9 10 10 9 10 9 10 8 9 8 8 10 8 8 10 8 9 9 9 9 8 10 10 9 9 9 9 8 
3 10 7
132 111 105 106 127 131 124 124 143 112 131 140 119 101 100 121 133 126 129 144 124 138 132 141 124 139 106 112 98 125 113 101 139 137 126 137 124 106 116 122 121 118 117 112 139 137 136 127 118 120 
4 2 1
53 61 70 53 68 52 55 68 72 55 69 65 53 67 58 76 67 65 62 52 63 69 70 77 60 53 54 66 66 75 77 69 60 69 73 76 71 76 67 66 55 60 53 56 75 61 54 66 76 67 

