5 50 382
0 84 87
37 353 133 190 132 99 349 308 205 320 157 125 334 72 216 340 124 275 86 45 351 110 74 254 343 265 55 95 150 102 300 191 105 79 28 241 178 27 195 33 347 2 163 332 74 29 318 203 304 55 
1 81 57
90 126 102 83 45 95 144 35 10 93 60 89 17 143 76 59 62 17 112 19 82 102 53 62 27 74 1 100 72 24 33 17 4 135 100 50 68 82 69 78 14 130 6 31 111 66 90 28 67 41 
2 98 3
18 178 38 133 218 224 19 105 23 190 23 220 177 45 121 69 209 219 191 171 175 39 70 221 57 204 77 94 83 113 38 208 57 182 107 147 173 126 18 196 83 148 183 132 65 176 73 146 33 31 
3 56 80
52 52 33 62 25 108 154 100 60 162 59 1 127 59 35 13 163 160 40 119 133 124 91 63 162 41 42 59 77 85 107 129 26 28 15 51 136 57 152 84 43 35 149 58 158 8 72 34 56 1 
4 70 18
144 38 57 6 29 152 185 100 83 28 6 119 101 164 16 21 218 150 206 97 3 63 184 110 185 134 48 59 201 130 158 112 40 215 118 69 133 175 42 88 203 48 80 70 84 96 197 68 118 42 

