5 50 218
0 7 6
168 321 28 120 208 1 208 154 4 225 331 298 249 216 79 289 135 67 6 286 90 145 71 269 89 196 142 334 46 160 38 86 145 67 206 226 276 286 44 280 175 40 115 297 256 194 250 263 133 256 
1 8 9
18 135 184 144 133 107 151 41 45 65 159 114 188 171 42 138 17 35 148 157 116 149 67 54 71 68 60 141 174 164 64 192 105 55 77 44 96 34 86 141 99 179 62 27 156 38 166 173 73 120 
2 4 8
22 2 32 19 34 9 17 34 7 5 23 34 6 11 40 28 37 26 28 32 12 1 12 22 25 22 4 21 15 25 36 35 25 24 12 17 31 27 9 39 33 30 29 37 1 28 24 35 10 8 
3 1 9
1 18 1 20 10 4 1 8 9 7 1 17 11 7 11 17 14 12 20 13 19 17 9 11 11 6 11 7 18 3 1 17 1 2 15 8 4 15 14 13 1 14 9 11 21 18 6 11 8 4 
4 7 6
81 55 263 164 1 31 244 170 218 75 220 164 87 1 82 206 37 144 244 47 65 99 54 249 46 77 257 88 252 104 136 61 159 128 225 160 31 70 58 249 17 150 141 104 150 95 182 59 239 154 

