5 50 301
0 47 86
84 237 112 204 124 85 124 238 88 141 247 214 165 132 163 205 219 151 90 202 174 229 155 185 173 112 226 250 130 244 122 170 229 151 122 142 192 202 128 196 91 124 199 213 172 110 166 179 217 172 
1 38 49
67 87 136 96 85 59 103 90 94 114 111 66 140 123 91 90 66 84 100 109 68 101 116 103 120 117 109 93 126 116 113 144 57 104 126 93 145 83 135 93 51 131 111 76 108 87 118 125 122 72 
2 94 48
12 13 22 30 24 20 28 24 18 16 13 24 17 22 30 18 27 16 18 22 23 12 23 12 15 12 15 11 26 15 26 25 15 14 23 28 21 17 20 29 23 20 19 27 11 18 14 25 21 19 
3 71 49
6 13 7 15 16 10 7 14 15 13 7 12 6 13 6 12 9 7 15 8 14 12 15 6 6 12 6 13 13 9 7 12 6 8 10 14 10 10 9 8 6 9 15 6 16 13 12 6 14 10 
4 87 56
149 123 195 96 68 99 176 102 150 143 152 96 155 68 150 138 105 76 176 115 133 167 122 181 114 145 189 156 184 172 68 129 91 196 157 92 99 138 126 181 85 82 73 172 82 163 114 127 171 86 

